(kicad_pcb (version 20171130) (host pcbnew "(5.1.10)-1")

  (general
    (thickness 1.6)
    (drawings 43)
    (tracks 97)
    (zones 0)
    (modules 11)
    (nets 17)
  )

  (page A4)
  (title_block
    (title Nordic-PPK2-USB_C-Adapter)
    (date 2021-10-02)
    (rev 1.0)
    (company "Designed by Salvatore Raccardi")
  )

  (layers
    (0 F.Cu signal)
    (31 B.Cu signal)
    (32 B.Adhes user)
    (33 F.Adhes user)
    (34 B.Paste user)
    (35 F.Paste user)
    (36 B.SilkS user)
    (37 F.SilkS user)
    (38 B.Mask user)
    (39 F.Mask user)
    (40 Dwgs.User user)
    (41 Cmts.User user)
    (42 Eco1.User user)
    (43 Eco2.User user)
    (44 Edge.Cuts user)
    (45 Margin user)
    (46 B.CrtYd user)
    (47 F.CrtYd user)
    (48 B.Fab user hide)
    (49 F.Fab user hide)
  )

  (setup
    (last_trace_width 0.4)
    (user_trace_width 0.4)
    (trace_clearance 0.2)
    (zone_clearance 0.2)
    (zone_45_only no)
    (trace_min 0.2)
    (via_size 0.8)
    (via_drill 0.4)
    (via_min_size 0.4)
    (via_min_drill 0.3)
    (user_via 0.6 0.3)
    (uvia_size 0.3)
    (uvia_drill 0.1)
    (uvias_allowed no)
    (uvia_min_size 0.2)
    (uvia_min_drill 0.1)
    (edge_width 0.05)
    (segment_width 0.2)
    (pcb_text_width 0.3)
    (pcb_text_size 1.5 1.5)
    (mod_edge_width 0.12)
    (mod_text_size 1 1)
    (mod_text_width 0.15)
    (pad_size 1.524 1.524)
    (pad_drill 0.762)
    (pad_to_mask_clearance 0)
    (aux_axis_origin 0 0)
    (visible_elements FFFFFF7F)
    (pcbplotparams
      (layerselection 0x010fc_ffffffff)
      (usegerberextensions false)
      (usegerberattributes true)
      (usegerberadvancedattributes true)
      (creategerberjobfile true)
      (excludeedgelayer true)
      (linewidth 0.100000)
      (plotframeref false)
      (viasonmask false)
      (mode 1)
      (useauxorigin false)
      (hpglpennumber 1)
      (hpglpenspeed 20)
      (hpglpendiameter 15.000000)
      (psnegative false)
      (psa4output false)
      (plotreference true)
      (plotvalue true)
      (plotinvisibletext false)
      (padsonsilk false)
      (subtractmaskfromsilk false)
      (outputformat 1)
      (mirror false)
      (drillshape 1)
      (scaleselection 1)
      (outputdirectory ""))
  )

  (net 0 "")
  (net 1 GND)
  (net 2 "Net-(D1-Pad2)")
  (net 3 "Net-(D1-Pad3)")
  (net 4 "Net-(D1-Pad4)")
  (net 5 /VIN)
  (net 6 "Net-(J1-PadS1)")
  (net 7 "Net-(J1-PadB8)")
  (net 8 "Net-(J1-PadA5)")
  (net 9 "Net-(J1-PadA8)")
  (net 10 "Net-(J1-PadB5)")
  (net 11 /VOUT)
  (net 12 "Net-(J3-PadB5)")
  (net 13 "Net-(J3-PadA8)")
  (net 14 "Net-(J3-PadA5)")
  (net 15 "Net-(J3-PadB8)")
  (net 16 "Net-(J3-PadS1)")

  (net_class Default "This is the default net class."
    (clearance 0.2)
    (trace_width 0.25)
    (via_dia 0.8)
    (via_drill 0.4)
    (uvia_dia 0.3)
    (uvia_drill 0.1)
    (add_net /VIN)
    (add_net /VOUT)
    (add_net GND)
    (add_net "Net-(D1-Pad2)")
    (add_net "Net-(D1-Pad3)")
    (add_net "Net-(D1-Pad4)")
    (add_net "Net-(J1-PadA5)")
    (add_net "Net-(J1-PadA8)")
    (add_net "Net-(J1-PadB5)")
    (add_net "Net-(J1-PadB8)")
    (add_net "Net-(J1-PadS1)")
    (add_net "Net-(J3-PadA5)")
    (add_net "Net-(J3-PadA8)")
    (add_net "Net-(J3-PadB5)")
    (add_net "Net-(J3-PadB8)")
    (add_net "Net-(J3-PadS1)")
  )

  (module Package_TO_SOT_SMD:SOT-143 (layer F.Cu) (tedit 5A02FF57) (tstamp 615888F7)
    (at 119.66702 90.67292 180)
    (descr SOT-143)
    (tags SOT-143)
    (path /615B6208)
    (attr smd)
    (fp_text reference D1 (at 0.02 -2.38) (layer F.Fab)
      (effects (font (size 1 1) (thickness 0.15)))
    )
    (fp_text value SP0503BAHT (at -0.28 2.48) (layer F.Fab)
      (effects (font (size 1 1) (thickness 0.15)))
    )
    (fp_line (start -2.05 1.75) (end -2.05 -1.75) (layer F.CrtYd) (width 0.05))
    (fp_line (start -2.05 1.75) (end 2.05 1.75) (layer F.CrtYd) (width 0.05))
    (fp_line (start 2.05 -1.75) (end -2.05 -1.75) (layer F.CrtYd) (width 0.05))
    (fp_line (start 2.05 -1.75) (end 2.05 1.75) (layer F.CrtYd) (width 0.05))
    (fp_line (start 1.2 -1.5) (end 1.2 1.5) (layer F.Fab) (width 0.1))
    (fp_line (start 1.2 1.5) (end -1.2 1.5) (layer F.Fab) (width 0.1))
    (fp_line (start -1.2 1.5) (end -1.2 -1) (layer F.Fab) (width 0.1))
    (fp_line (start -0.7 -1.5) (end 1.2 -1.5) (layer F.Fab) (width 0.1))
    (fp_line (start -1.2 -1) (end -0.7 -1.5) (layer F.Fab) (width 0.1))
    (fp_line (start 1.2 -1.55) (end -1.75 -1.55) (layer F.SilkS) (width 0.12))
    (fp_line (start -1.2 1.55) (end 1.2 1.55) (layer F.SilkS) (width 0.12))
    (fp_text user %R (at 0 0 90) (layer F.Fab)
      (effects (font (size 0.5 0.5) (thickness 0.075)))
    )
    (pad 1 smd rect (at -1.1 -0.77 90) (size 1.2 1.4) (layers F.Cu F.Paste F.Mask)
      (net 1 GND))
    (pad 2 smd rect (at -1.1 0.95 90) (size 1 1.4) (layers F.Cu F.Paste F.Mask)
      (net 2 "Net-(D1-Pad2)"))
    (pad 3 smd rect (at 1.1 0.95 90) (size 1 1.4) (layers F.Cu F.Paste F.Mask)
      (net 3 "Net-(D1-Pad3)"))
    (pad 4 smd rect (at 1.1 -0.95 90) (size 1 1.4) (layers F.Cu F.Paste F.Mask)
      (net 4 "Net-(D1-Pad4)"))
    (model ${KISYS3DMOD}/Package_TO_SOT_SMD.3dshapes/SOT-143.wrl
      (at (xyz 0 0 0))
      (scale (xyz 1 1 1))
      (rotate (xyz 0 0 0))
    )
  )

  (module Diode_SMD:D_SOD-123 (layer F.Cu) (tedit 58645DC7) (tstamp 61588910)
    (at 124.58954 89.75852 180)
    (descr SOD-123)
    (tags SOD-123)
    (path /615D0FB8)
    (attr smd)
    (fp_text reference D2 (at 0 -2) (layer F.Fab)
      (effects (font (size 1 1) (thickness 0.15)))
    )
    (fp_text value MBR120 (at 0 2.1) (layer F.Fab)
      (effects (font (size 1 1) (thickness 0.15)))
    )
    (fp_line (start -2.25 -1) (end 1.65 -1) (layer F.SilkS) (width 0.12))
    (fp_line (start -2.25 1) (end 1.65 1) (layer F.SilkS) (width 0.12))
    (fp_line (start -2.35 -1.15) (end -2.35 1.15) (layer F.CrtYd) (width 0.05))
    (fp_line (start 2.35 1.15) (end -2.35 1.15) (layer F.CrtYd) (width 0.05))
    (fp_line (start 2.35 -1.15) (end 2.35 1.15) (layer F.CrtYd) (width 0.05))
    (fp_line (start -2.35 -1.15) (end 2.35 -1.15) (layer F.CrtYd) (width 0.05))
    (fp_line (start -1.4 -0.9) (end 1.4 -0.9) (layer F.Fab) (width 0.1))
    (fp_line (start 1.4 -0.9) (end 1.4 0.9) (layer F.Fab) (width 0.1))
    (fp_line (start 1.4 0.9) (end -1.4 0.9) (layer F.Fab) (width 0.1))
    (fp_line (start -1.4 0.9) (end -1.4 -0.9) (layer F.Fab) (width 0.1))
    (fp_line (start -0.75 0) (end -0.35 0) (layer F.Fab) (width 0.1))
    (fp_line (start -0.35 0) (end -0.35 -0.55) (layer F.Fab) (width 0.1))
    (fp_line (start -0.35 0) (end -0.35 0.55) (layer F.Fab) (width 0.1))
    (fp_line (start -0.35 0) (end 0.25 -0.4) (layer F.Fab) (width 0.1))
    (fp_line (start 0.25 -0.4) (end 0.25 0.4) (layer F.Fab) (width 0.1))
    (fp_line (start 0.25 0.4) (end -0.35 0) (layer F.Fab) (width 0.1))
    (fp_line (start 0.25 0) (end 0.75 0) (layer F.Fab) (width 0.1))
    (fp_line (start -2.25 -1) (end -2.25 1) (layer F.SilkS) (width 0.12))
    (fp_text user %R (at 0 -2) (layer F.Fab)
      (effects (font (size 1 1) (thickness 0.15)))
    )
    (pad 1 smd rect (at -1.65 0 180) (size 0.9 1.2) (layers F.Cu F.Paste F.Mask)
      (net 5 /VIN))
    (pad 2 smd rect (at 1.65 0 180) (size 0.9 1.2) (layers F.Cu F.Paste F.Mask)
      (net 2 "Net-(D1-Pad2)"))
    (model ${KISYS3DMOD}/Diode_SMD.3dshapes/D_SOD-123.wrl
      (at (xyz 0 0 0))
      (scale (xyz 1 1 1))
      (rotate (xyz 0 0 0))
    )
  )

  (module Connector_USB:USB_C_Receptacle_Palconn_UTC16-G (layer F.Cu) (tedit 5CF432E0) (tstamp 6158893A)
    (at 110.25632 90.57132 270)
    (descr http://www.palpilot.com/wp-content/uploads/2017/05/UTC027-GKN-OR-Rev-A.pdf)
    (tags "USB C Type-C Receptacle USB2.0")
    (path /615821D4)
    (attr smd)
    (fp_text reference J1 (at 0 -4.58 90) (layer F.Fab)
      (effects (font (size 1 1) (thickness 0.15)))
    )
    (fp_text value USB_C_Receptacle_USB2.0 (at 0 6.24 90) (layer F.Fab)
      (effects (font (size 1 1) (thickness 0.15)))
    )
    (fp_line (start -4.47 -2.48) (end 4.47 -2.48) (layer F.Fab) (width 0.1))
    (fp_line (start 4.47 -2.48) (end 4.47 4.84) (layer F.Fab) (width 0.1))
    (fp_line (start 4.47 4.84) (end -4.47 4.84) (layer F.Fab) (width 0.1))
    (fp_line (start -4.47 -2.48) (end -4.47 4.84) (layer F.Fab) (width 0.1))
    (fp_line (start -5.27 5.34) (end 5.27 5.34) (layer F.CrtYd) (width 0.05))
    (fp_line (start -5.27 -3.59) (end -5.27 5.34) (layer F.CrtYd) (width 0.05))
    (fp_line (start 5.27 -3.59) (end -5.27 -3.59) (layer F.CrtYd) (width 0.05))
    (fp_line (start 5.27 5.34) (end 5.27 -3.59) (layer F.CrtYd) (width 0.05))
    (fp_line (start -4.47 4.34) (end 4.47 4.34) (layer Dwgs.User) (width 0.1))
    (fp_line (start -4.47 -0.67) (end -4.47 1.13) (layer F.SilkS) (width 0.12))
    (fp_line (start -4.47 4.84) (end -4.47 3.38) (layer F.SilkS) (width 0.12))
    (fp_line (start 4.47 4.84) (end 4.47 3.38) (layer F.SilkS) (width 0.12))
    (fp_line (start 4.47 -0.67) (end 4.47 1.13) (layer F.SilkS) (width 0.12))
    (fp_line (start 4.47 4.84) (end -4.47 4.84) (layer F.SilkS) (width 0.12))
    (fp_text user %R (at 0 1.18 90) (layer F.Fab)
      (effects (font (size 1 1) (thickness 0.15)))
    )
    (fp_text user "PCB Edge" (at 0 3.43 90) (layer Dwgs.User)
      (effects (font (size 1 1) (thickness 0.15)))
    )
    (pad S1 thru_hole oval (at -4.32 -1.93) (size 2 0.9) (drill oval 1.7 0.6) (layers *.Cu *.Mask)
      (net 6 "Net-(J1-PadS1)"))
    (pad S1 thru_hole oval (at 4.32 -1.93) (size 2 0.9) (drill oval 1.7 0.6) (layers *.Cu *.Mask)
      (net 6 "Net-(J1-PadS1)"))
    (pad S1 thru_hole oval (at -4.32 2.24) (size 1.7 0.9) (drill oval 1.4 0.6) (layers *.Cu *.Mask)
      (net 6 "Net-(J1-PadS1)"))
    (pad S1 thru_hole oval (at 4.32 2.24) (size 1.7 0.9) (drill oval 1.4 0.6) (layers *.Cu *.Mask)
      (net 6 "Net-(J1-PadS1)"))
    (pad B7 smd rect (at -0.75 -2.51 90) (size 0.3 1.16) (layers F.Cu F.Paste F.Mask)
      (net 3 "Net-(D1-Pad3)"))
    (pad A6 smd rect (at -0.25 -2.51 90) (size 0.3 1.16) (layers F.Cu F.Paste F.Mask)
      (net 4 "Net-(D1-Pad4)"))
    (pad A7 smd rect (at 0.25 -2.51 90) (size 0.3 1.16) (layers F.Cu F.Paste F.Mask)
      (net 3 "Net-(D1-Pad3)"))
    (pad B8 smd rect (at -1.75 -2.51 90) (size 0.3 1.16) (layers F.Cu F.Paste F.Mask)
      (net 7 "Net-(J1-PadB8)"))
    (pad A5 smd rect (at -1.25 -2.51 90) (size 0.3 1.16) (layers F.Cu F.Paste F.Mask)
      (net 8 "Net-(J1-PadA5)"))
    (pad A8 smd rect (at 1.25 -2.51 90) (size 0.3 1.16) (layers F.Cu F.Paste F.Mask)
      (net 9 "Net-(J1-PadA8)"))
    (pad B6 smd rect (at 0.75 -2.51 90) (size 0.3 1.16) (layers F.Cu F.Paste F.Mask)
      (net 4 "Net-(D1-Pad4)"))
    (pad B5 smd rect (at 1.75 -2.51 90) (size 0.3 1.16) (layers F.Cu F.Paste F.Mask)
      (net 10 "Net-(J1-PadB5)"))
    (pad "" np_thru_hole circle (at 2.89 -1.45 90) (size 0.6 0.6) (drill 0.6) (layers *.Cu *.Mask))
    (pad "" np_thru_hole circle (at -2.89 -1.45 90) (size 0.6 0.6) (drill 0.6) (layers *.Cu *.Mask))
    (pad A4 smd rect (at -2.4 -2.51 270) (size 0.6 1.16) (layers F.Cu F.Paste F.Mask)
      (net 2 "Net-(D1-Pad2)"))
    (pad B9 smd rect (at -2.4 -2.51 270) (size 0.6 1.16) (layers F.Cu F.Paste F.Mask)
      (net 2 "Net-(D1-Pad2)"))
    (pad A1 smd rect (at -3.2 -2.51 270) (size 0.6 1.16) (layers F.Cu F.Paste F.Mask)
      (net 1 GND))
    (pad B12 smd rect (at -3.2 -2.51 270) (size 0.6 1.16) (layers F.Cu F.Paste F.Mask)
      (net 1 GND))
    (pad B4 smd rect (at 2.4 -2.51 270) (size 0.6 1.16) (layers F.Cu F.Paste F.Mask)
      (net 2 "Net-(D1-Pad2)"))
    (pad B1 smd rect (at 3.2 -2.51 270) (size 0.6 1.16) (layers F.Cu F.Paste F.Mask)
      (net 1 GND))
    (pad A9 smd rect (at 2.4 -2.51 270) (size 0.6 1.16) (layers F.Cu F.Paste F.Mask)
      (net 2 "Net-(D1-Pad2)"))
    (pad A12 smd rect (at 3.2 -2.51 270) (size 0.6 1.16) (layers F.Cu F.Paste F.Mask)
      (net 1 GND))
    (model ${KISYS3DMOD}/Connector_USB.3dshapes/USB_C_Receptacle_Palconn_UTC16-G.wrl
      (at (xyz 0 0 0))
      (scale (xyz 1 1 1))
      (rotate (xyz 0 0 0))
    )
  )

  (module Connector_PinHeader_2.54mm:PinHeader_1x04_P2.54mm_Vertical (layer F.Cu) (tedit 59FED5CC) (tstamp 61588952)
    (at 119.0625 82.423 90)
    (descr "Through hole straight pin header, 1x04, 2.54mm pitch, single row")
    (tags "Through hole pin header THT 1x04 2.54mm single row")
    (path /615B54AF)
    (fp_text reference J2 (at 0 -2.33 90) (layer F.Fab)
      (effects (font (size 1 1) (thickness 0.15)))
    )
    (fp_text value Conn_01x04 (at 0 9.95 90) (layer F.Fab)
      (effects (font (size 1 1) (thickness 0.15)))
    )
    (fp_line (start 1.8 -1.8) (end -1.8 -1.8) (layer F.CrtYd) (width 0.05))
    (fp_line (start 1.8 9.4) (end 1.8 -1.8) (layer F.CrtYd) (width 0.05))
    (fp_line (start -1.8 9.4) (end 1.8 9.4) (layer F.CrtYd) (width 0.05))
    (fp_line (start -1.8 -1.8) (end -1.8 9.4) (layer F.CrtYd) (width 0.05))
    (fp_line (start -1.33 -1.33) (end 0 -1.33) (layer F.SilkS) (width 0.12))
    (fp_line (start -1.33 0) (end -1.33 -1.33) (layer F.SilkS) (width 0.12))
    (fp_line (start -1.33 1.27) (end 1.33 1.27) (layer F.SilkS) (width 0.12))
    (fp_line (start 1.33 1.27) (end 1.33 8.95) (layer F.SilkS) (width 0.12))
    (fp_line (start -1.33 1.27) (end -1.33 8.95) (layer F.SilkS) (width 0.12))
    (fp_line (start -1.33 8.95) (end 1.33 8.95) (layer F.SilkS) (width 0.12))
    (fp_line (start -1.27 -0.635) (end -0.635 -1.27) (layer F.Fab) (width 0.1))
    (fp_line (start -1.27 8.89) (end -1.27 -0.635) (layer F.Fab) (width 0.1))
    (fp_line (start 1.27 8.89) (end -1.27 8.89) (layer F.Fab) (width 0.1))
    (fp_line (start 1.27 -1.27) (end 1.27 8.89) (layer F.Fab) (width 0.1))
    (fp_line (start -0.635 -1.27) (end 1.27 -1.27) (layer F.Fab) (width 0.1))
    (fp_text user %R (at 0 3.81) (layer F.Fab)
      (effects (font (size 1 1) (thickness 0.15)))
    )
    (pad 1 thru_hole rect (at 0 0 90) (size 1.7 1.7) (drill 1) (layers *.Cu *.Mask)
      (net 1 GND))
    (pad 2 thru_hole oval (at 0 2.54 90) (size 1.7 1.7) (drill 1) (layers *.Cu *.Mask)
      (net 5 /VIN))
    (pad 3 thru_hole oval (at 0 5.08 90) (size 1.7 1.7) (drill 1) (layers *.Cu *.Mask)
      (net 11 /VOUT))
    (pad 4 thru_hole oval (at 0 7.62 90) (size 1.7 1.7) (drill 1) (layers *.Cu *.Mask)
      (net 1 GND))
    (model ${KISYS3DMOD}/Connector_PinHeader_2.54mm.3dshapes/PinHeader_1x04_P2.54mm_Vertical.wrl
      (at (xyz 0 0 0))
      (scale (xyz 1 1 1))
      (rotate (xyz 0 0 0))
    )
  )

  (module Connector_USB:USB_C_Receptacle_Palconn_UTC16-G (layer F.Cu) (tedit 5CF432E0) (tstamp 6158897C)
    (at 135.18642 90.57132 90)
    (descr http://www.palpilot.com/wp-content/uploads/2017/05/UTC027-GKN-OR-Rev-A.pdf)
    (tags "USB C Type-C Receptacle USB2.0")
    (path /6158B166)
    (attr smd)
    (fp_text reference J3 (at 0 -4.58 90) (layer F.Fab)
      (effects (font (size 1 1) (thickness 0.15)))
    )
    (fp_text value USB_C_Receptacle_USB2.0 (at 0 6.24 90) (layer F.Fab)
      (effects (font (size 1 1) (thickness 0.15)))
    )
    (fp_text user "PCB Edge" (at 0 3.43 90) (layer Dwgs.User)
      (effects (font (size 1 1) (thickness 0.15)))
    )
    (fp_text user %R (at 0 1.18 90) (layer F.Fab)
      (effects (font (size 1 1) (thickness 0.15)))
    )
    (fp_line (start 4.47 4.84) (end -4.47 4.84) (layer F.SilkS) (width 0.12))
    (fp_line (start 4.47 -0.67) (end 4.47 1.13) (layer F.SilkS) (width 0.12))
    (fp_line (start 4.47 4.84) (end 4.47 3.38) (layer F.SilkS) (width 0.12))
    (fp_line (start -4.47 4.84) (end -4.47 3.38) (layer F.SilkS) (width 0.12))
    (fp_line (start -4.47 -0.67) (end -4.47 1.13) (layer F.SilkS) (width 0.12))
    (fp_line (start -4.47 4.34) (end 4.47 4.34) (layer Dwgs.User) (width 0.1))
    (fp_line (start 5.27 5.34) (end 5.27 -3.59) (layer F.CrtYd) (width 0.05))
    (fp_line (start 5.27 -3.59) (end -5.27 -3.59) (layer F.CrtYd) (width 0.05))
    (fp_line (start -5.27 -3.59) (end -5.27 5.34) (layer F.CrtYd) (width 0.05))
    (fp_line (start -5.27 5.34) (end 5.27 5.34) (layer F.CrtYd) (width 0.05))
    (fp_line (start -4.47 -2.48) (end -4.47 4.84) (layer F.Fab) (width 0.1))
    (fp_line (start 4.47 4.84) (end -4.47 4.84) (layer F.Fab) (width 0.1))
    (fp_line (start 4.47 -2.48) (end 4.47 4.84) (layer F.Fab) (width 0.1))
    (fp_line (start -4.47 -2.48) (end 4.47 -2.48) (layer F.Fab) (width 0.1))
    (pad A12 smd rect (at 3.2 -2.51 90) (size 0.6 1.16) (layers F.Cu F.Paste F.Mask)
      (net 1 GND))
    (pad A9 smd rect (at 2.4 -2.51 90) (size 0.6 1.16) (layers F.Cu F.Paste F.Mask)
      (net 11 /VOUT))
    (pad B1 smd rect (at 3.2 -2.51 90) (size 0.6 1.16) (layers F.Cu F.Paste F.Mask)
      (net 1 GND))
    (pad B4 smd rect (at 2.4 -2.51 90) (size 0.6 1.16) (layers F.Cu F.Paste F.Mask)
      (net 11 /VOUT))
    (pad B12 smd rect (at -3.2 -2.51 90) (size 0.6 1.16) (layers F.Cu F.Paste F.Mask)
      (net 1 GND))
    (pad A1 smd rect (at -3.2 -2.51 90) (size 0.6 1.16) (layers F.Cu F.Paste F.Mask)
      (net 1 GND))
    (pad B9 smd rect (at -2.4 -2.51 90) (size 0.6 1.16) (layers F.Cu F.Paste F.Mask)
      (net 11 /VOUT))
    (pad A4 smd rect (at -2.4 -2.51 90) (size 0.6 1.16) (layers F.Cu F.Paste F.Mask)
      (net 11 /VOUT))
    (pad "" np_thru_hole circle (at -2.89 -1.45 270) (size 0.6 0.6) (drill 0.6) (layers *.Cu *.Mask))
    (pad "" np_thru_hole circle (at 2.89 -1.45 270) (size 0.6 0.6) (drill 0.6) (layers *.Cu *.Mask))
    (pad B5 smd rect (at 1.75 -2.51 270) (size 0.3 1.16) (layers F.Cu F.Paste F.Mask)
      (net 12 "Net-(J3-PadB5)"))
    (pad B6 smd rect (at 0.75 -2.51 270) (size 0.3 1.16) (layers F.Cu F.Paste F.Mask)
      (net 4 "Net-(D1-Pad4)"))
    (pad A8 smd rect (at 1.25 -2.51 270) (size 0.3 1.16) (layers F.Cu F.Paste F.Mask)
      (net 13 "Net-(J3-PadA8)"))
    (pad A5 smd rect (at -1.25 -2.51 270) (size 0.3 1.16) (layers F.Cu F.Paste F.Mask)
      (net 14 "Net-(J3-PadA5)"))
    (pad B8 smd rect (at -1.75 -2.51 270) (size 0.3 1.16) (layers F.Cu F.Paste F.Mask)
      (net 15 "Net-(J3-PadB8)"))
    (pad A7 smd rect (at 0.25 -2.51 270) (size 0.3 1.16) (layers F.Cu F.Paste F.Mask)
      (net 3 "Net-(D1-Pad3)"))
    (pad A6 smd rect (at -0.25 -2.51 270) (size 0.3 1.16) (layers F.Cu F.Paste F.Mask)
      (net 4 "Net-(D1-Pad4)"))
    (pad B7 smd rect (at -0.75 -2.51 270) (size 0.3 1.16) (layers F.Cu F.Paste F.Mask)
      (net 3 "Net-(D1-Pad3)"))
    (pad S1 thru_hole oval (at 4.32 2.24 180) (size 1.7 0.9) (drill oval 1.4 0.6) (layers *.Cu *.Mask)
      (net 16 "Net-(J3-PadS1)"))
    (pad S1 thru_hole oval (at -4.32 2.24 180) (size 1.7 0.9) (drill oval 1.4 0.6) (layers *.Cu *.Mask)
      (net 16 "Net-(J3-PadS1)"))
    (pad S1 thru_hole oval (at 4.32 -1.93 180) (size 2 0.9) (drill oval 1.7 0.6) (layers *.Cu *.Mask)
      (net 16 "Net-(J3-PadS1)"))
    (pad S1 thru_hole oval (at -4.32 -1.93 180) (size 2 0.9) (drill oval 1.7 0.6) (layers *.Cu *.Mask)
      (net 16 "Net-(J3-PadS1)"))
    (model ${KISYS3DMOD}/Connector_USB.3dshapes/USB_C_Receptacle_Palconn_UTC16-G.wrl
      (at (xyz 0 0 0))
      (scale (xyz 1 1 1))
      (rotate (xyz 0 0 0))
    )
  )

  (module Resistor_SMD:R_0402_1005Metric (layer F.Cu) (tedit 5F68FEEE) (tstamp 6158898D)
    (at 112.71758 96.61906)
    (descr "Resistor SMD 0402 (1005 Metric), square (rectangular) end terminal, IPC_7351 nominal, (Body size source: IPC-SM-782 page 72, https://www.pcb-3d.com/wordpress/wp-content/uploads/ipc-sm-782a_amendment_1_and_2.pdf), generated with kicad-footprint-generator")
    (tags resistor)
    (path /61583C2E)
    (attr smd)
    (fp_text reference R1 (at 0 -1.17) (layer F.Fab)
      (effects (font (size 1 1) (thickness 0.15)))
    )
    (fp_text value 1M (at 0 1.17) (layer F.Fab)
      (effects (font (size 1 1) (thickness 0.15)))
    )
    (fp_line (start 0.93 0.47) (end -0.93 0.47) (layer F.CrtYd) (width 0.05))
    (fp_line (start 0.93 -0.47) (end 0.93 0.47) (layer F.CrtYd) (width 0.05))
    (fp_line (start -0.93 -0.47) (end 0.93 -0.47) (layer F.CrtYd) (width 0.05))
    (fp_line (start -0.93 0.47) (end -0.93 -0.47) (layer F.CrtYd) (width 0.05))
    (fp_line (start -0.153641 0.38) (end 0.153641 0.38) (layer F.SilkS) (width 0.12))
    (fp_line (start -0.153641 -0.38) (end 0.153641 -0.38) (layer F.SilkS) (width 0.12))
    (fp_line (start 0.525 0.27) (end -0.525 0.27) (layer F.Fab) (width 0.1))
    (fp_line (start 0.525 -0.27) (end 0.525 0.27) (layer F.Fab) (width 0.1))
    (fp_line (start -0.525 -0.27) (end 0.525 -0.27) (layer F.Fab) (width 0.1))
    (fp_line (start -0.525 0.27) (end -0.525 -0.27) (layer F.Fab) (width 0.1))
    (fp_text user %R (at 0 0) (layer F.Fab)
      (effects (font (size 0.26 0.26) (thickness 0.04)))
    )
    (pad 1 smd roundrect (at -0.51 0) (size 0.54 0.64) (layers F.Cu F.Paste F.Mask) (roundrect_rratio 0.25)
      (net 6 "Net-(J1-PadS1)"))
    (pad 2 smd roundrect (at 0.51 0) (size 0.54 0.64) (layers F.Cu F.Paste F.Mask) (roundrect_rratio 0.25)
      (net 1 GND))
    (model ${KISYS3DMOD}/Resistor_SMD.3dshapes/R_0402_1005Metric.wrl
      (at (xyz 0 0 0))
      (scale (xyz 1 1 1))
      (rotate (xyz 0 0 0))
    )
  )

  (module Resistor_SMD:R_0402_1005Metric (layer F.Cu) (tedit 5F68FEEE) (tstamp 6158899E)
    (at 115.29822 93.1164 270)
    (descr "Resistor SMD 0402 (1005 Metric), square (rectangular) end terminal, IPC_7351 nominal, (Body size source: IPC-SM-782 page 72, https://www.pcb-3d.com/wordpress/wp-content/uploads/ipc-sm-782a_amendment_1_and_2.pdf), generated with kicad-footprint-generator")
    (tags resistor)
    (path /61585922)
    (attr smd)
    (fp_text reference R2 (at 0 -1.17 90) (layer F.Fab)
      (effects (font (size 1 1) (thickness 0.15)))
    )
    (fp_text value 5.11K (at 0 1.17 90) (layer F.Fab)
      (effects (font (size 1 1) (thickness 0.15)))
    )
    (fp_text user %R (at 0 0 90) (layer F.Fab)
      (effects (font (size 0.26 0.26) (thickness 0.04)))
    )
    (fp_line (start -0.525 0.27) (end -0.525 -0.27) (layer F.Fab) (width 0.1))
    (fp_line (start -0.525 -0.27) (end 0.525 -0.27) (layer F.Fab) (width 0.1))
    (fp_line (start 0.525 -0.27) (end 0.525 0.27) (layer F.Fab) (width 0.1))
    (fp_line (start 0.525 0.27) (end -0.525 0.27) (layer F.Fab) (width 0.1))
    (fp_line (start -0.153641 -0.38) (end 0.153641 -0.38) (layer F.SilkS) (width 0.12))
    (fp_line (start -0.153641 0.38) (end 0.153641 0.38) (layer F.SilkS) (width 0.12))
    (fp_line (start -0.93 0.47) (end -0.93 -0.47) (layer F.CrtYd) (width 0.05))
    (fp_line (start -0.93 -0.47) (end 0.93 -0.47) (layer F.CrtYd) (width 0.05))
    (fp_line (start 0.93 -0.47) (end 0.93 0.47) (layer F.CrtYd) (width 0.05))
    (fp_line (start 0.93 0.47) (end -0.93 0.47) (layer F.CrtYd) (width 0.05))
    (pad 2 smd roundrect (at 0.51 0 270) (size 0.54 0.64) (layers F.Cu F.Paste F.Mask) (roundrect_rratio 0.25)
      (net 1 GND))
    (pad 1 smd roundrect (at -0.51 0 270) (size 0.54 0.64) (layers F.Cu F.Paste F.Mask) (roundrect_rratio 0.25)
      (net 10 "Net-(J1-PadB5)"))
    (model ${KISYS3DMOD}/Resistor_SMD.3dshapes/R_0402_1005Metric.wrl
      (at (xyz 0 0 0))
      (scale (xyz 1 1 1))
      (rotate (xyz 0 0 0))
    )
  )

  (module Resistor_SMD:R_0402_1005Metric (layer F.Cu) (tedit 5F68FEEE) (tstamp 615889AF)
    (at 115.29822 88.19134 90)
    (descr "Resistor SMD 0402 (1005 Metric), square (rectangular) end terminal, IPC_7351 nominal, (Body size source: IPC-SM-782 page 72, https://www.pcb-3d.com/wordpress/wp-content/uploads/ipc-sm-782a_amendment_1_and_2.pdf), generated with kicad-footprint-generator")
    (tags resistor)
    (path /61588621)
    (attr smd)
    (fp_text reference R3 (at 0 -1.17 90) (layer F.Fab)
      (effects (font (size 1 1) (thickness 0.15)))
    )
    (fp_text value 5.11K (at 0 1.17 90) (layer F.Fab)
      (effects (font (size 1 1) (thickness 0.15)))
    )
    (fp_line (start 0.93 0.47) (end -0.93 0.47) (layer F.CrtYd) (width 0.05))
    (fp_line (start 0.93 -0.47) (end 0.93 0.47) (layer F.CrtYd) (width 0.05))
    (fp_line (start -0.93 -0.47) (end 0.93 -0.47) (layer F.CrtYd) (width 0.05))
    (fp_line (start -0.93 0.47) (end -0.93 -0.47) (layer F.CrtYd) (width 0.05))
    (fp_line (start -0.153641 0.38) (end 0.153641 0.38) (layer F.SilkS) (width 0.12))
    (fp_line (start -0.153641 -0.38) (end 0.153641 -0.38) (layer F.SilkS) (width 0.12))
    (fp_line (start 0.525 0.27) (end -0.525 0.27) (layer F.Fab) (width 0.1))
    (fp_line (start 0.525 -0.27) (end 0.525 0.27) (layer F.Fab) (width 0.1))
    (fp_line (start -0.525 -0.27) (end 0.525 -0.27) (layer F.Fab) (width 0.1))
    (fp_line (start -0.525 0.27) (end -0.525 -0.27) (layer F.Fab) (width 0.1))
    (fp_text user %R (at 0 0 90) (layer F.Fab)
      (effects (font (size 0.26 0.26) (thickness 0.04)))
    )
    (pad 1 smd roundrect (at -0.51 0 90) (size 0.54 0.64) (layers F.Cu F.Paste F.Mask) (roundrect_rratio 0.25)
      (net 8 "Net-(J1-PadA5)"))
    (pad 2 smd roundrect (at 0.51 0 90) (size 0.54 0.64) (layers F.Cu F.Paste F.Mask) (roundrect_rratio 0.25)
      (net 1 GND))
    (model ${KISYS3DMOD}/Resistor_SMD.3dshapes/R_0402_1005Metric.wrl
      (at (xyz 0 0 0))
      (scale (xyz 1 1 1))
      (rotate (xyz 0 0 0))
    )
  )

  (module Resistor_SMD:R_0402_1005Metric (layer F.Cu) (tedit 5F68FEEE) (tstamp 615889C0)
    (at 130.25374 93.1164 270)
    (descr "Resistor SMD 0402 (1005 Metric), square (rectangular) end terminal, IPC_7351 nominal, (Body size source: IPC-SM-782 page 72, https://www.pcb-3d.com/wordpress/wp-content/uploads/ipc-sm-782a_amendment_1_and_2.pdf), generated with kicad-footprint-generator")
    (tags resistor)
    (path /6158B199)
    (attr smd)
    (fp_text reference R4 (at 0 -1.17 90) (layer F.Fab)
      (effects (font (size 1 1) (thickness 0.15)))
    )
    (fp_text value 5.11K (at 0 1.17 90) (layer F.Fab)
      (effects (font (size 1 1) (thickness 0.15)))
    )
    (fp_text user %R (at 0 0 90) (layer F.Fab)
      (effects (font (size 0.26 0.26) (thickness 0.04)))
    )
    (fp_line (start -0.525 0.27) (end -0.525 -0.27) (layer F.Fab) (width 0.1))
    (fp_line (start -0.525 -0.27) (end 0.525 -0.27) (layer F.Fab) (width 0.1))
    (fp_line (start 0.525 -0.27) (end 0.525 0.27) (layer F.Fab) (width 0.1))
    (fp_line (start 0.525 0.27) (end -0.525 0.27) (layer F.Fab) (width 0.1))
    (fp_line (start -0.153641 -0.38) (end 0.153641 -0.38) (layer F.SilkS) (width 0.12))
    (fp_line (start -0.153641 0.38) (end 0.153641 0.38) (layer F.SilkS) (width 0.12))
    (fp_line (start -0.93 0.47) (end -0.93 -0.47) (layer F.CrtYd) (width 0.05))
    (fp_line (start -0.93 -0.47) (end 0.93 -0.47) (layer F.CrtYd) (width 0.05))
    (fp_line (start 0.93 -0.47) (end 0.93 0.47) (layer F.CrtYd) (width 0.05))
    (fp_line (start 0.93 0.47) (end -0.93 0.47) (layer F.CrtYd) (width 0.05))
    (pad 2 smd roundrect (at 0.51 0 270) (size 0.54 0.64) (layers F.Cu F.Paste F.Mask) (roundrect_rratio 0.25)
      (net 1 GND))
    (pad 1 smd roundrect (at -0.51 0 270) (size 0.54 0.64) (layers F.Cu F.Paste F.Mask) (roundrect_rratio 0.25)
      (net 14 "Net-(J3-PadA5)"))
    (model ${KISYS3DMOD}/Resistor_SMD.3dshapes/R_0402_1005Metric.wrl
      (at (xyz 0 0 0))
      (scale (xyz 1 1 1))
      (rotate (xyz 0 0 0))
    )
  )

  (module Resistor_SMD:R_0402_1005Metric (layer F.Cu) (tedit 5F68FEEE) (tstamp 615889D1)
    (at 130.25374 88.19134 90)
    (descr "Resistor SMD 0402 (1005 Metric), square (rectangular) end terminal, IPC_7351 nominal, (Body size source: IPC-SM-782 page 72, https://www.pcb-3d.com/wordpress/wp-content/uploads/ipc-sm-782a_amendment_1_and_2.pdf), generated with kicad-footprint-generator")
    (tags resistor)
    (path /6158B18A)
    (attr smd)
    (fp_text reference R5 (at 0 -1.17 90) (layer F.Fab)
      (effects (font (size 1 1) (thickness 0.15)))
    )
    (fp_text value 5.11K (at 0 1.17 90) (layer F.Fab)
      (effects (font (size 1 1) (thickness 0.15)))
    )
    (fp_line (start 0.93 0.47) (end -0.93 0.47) (layer F.CrtYd) (width 0.05))
    (fp_line (start 0.93 -0.47) (end 0.93 0.47) (layer F.CrtYd) (width 0.05))
    (fp_line (start -0.93 -0.47) (end 0.93 -0.47) (layer F.CrtYd) (width 0.05))
    (fp_line (start -0.93 0.47) (end -0.93 -0.47) (layer F.CrtYd) (width 0.05))
    (fp_line (start -0.153641 0.38) (end 0.153641 0.38) (layer F.SilkS) (width 0.12))
    (fp_line (start -0.153641 -0.38) (end 0.153641 -0.38) (layer F.SilkS) (width 0.12))
    (fp_line (start 0.525 0.27) (end -0.525 0.27) (layer F.Fab) (width 0.1))
    (fp_line (start 0.525 -0.27) (end 0.525 0.27) (layer F.Fab) (width 0.1))
    (fp_line (start -0.525 -0.27) (end 0.525 -0.27) (layer F.Fab) (width 0.1))
    (fp_line (start -0.525 0.27) (end -0.525 -0.27) (layer F.Fab) (width 0.1))
    (fp_text user %R (at 0 0 90) (layer F.Fab)
      (effects (font (size 0.26 0.26) (thickness 0.04)))
    )
    (pad 1 smd roundrect (at -0.51 0 90) (size 0.54 0.64) (layers F.Cu F.Paste F.Mask) (roundrect_rratio 0.25)
      (net 12 "Net-(J3-PadB5)"))
    (pad 2 smd roundrect (at 0.51 0 90) (size 0.54 0.64) (layers F.Cu F.Paste F.Mask) (roundrect_rratio 0.25)
      (net 1 GND))
    (model ${KISYS3DMOD}/Resistor_SMD.3dshapes/R_0402_1005Metric.wrl
      (at (xyz 0 0 0))
      (scale (xyz 1 1 1))
      (rotate (xyz 0 0 0))
    )
  )

  (module Resistor_SMD:R_0402_1005Metric (layer F.Cu) (tedit 5F68FEEE) (tstamp 615889E2)
    (at 132.7531 96.55556 180)
    (descr "Resistor SMD 0402 (1005 Metric), square (rectangular) end terminal, IPC_7351 nominal, (Body size source: IPC-SM-782 page 72, https://www.pcb-3d.com/wordpress/wp-content/uploads/ipc-sm-782a_amendment_1_and_2.pdf), generated with kicad-footprint-generator")
    (tags resistor)
    (path /6158B175)
    (attr smd)
    (fp_text reference R6 (at 0 -1.17) (layer F.Fab)
      (effects (font (size 1 1) (thickness 0.15)))
    )
    (fp_text value 1M (at 0 1.17) (layer F.Fab)
      (effects (font (size 1 1) (thickness 0.15)))
    )
    (fp_text user %R (at 0 0) (layer F.Fab)
      (effects (font (size 0.26 0.26) (thickness 0.04)))
    )
    (fp_line (start -0.525 0.27) (end -0.525 -0.27) (layer F.Fab) (width 0.1))
    (fp_line (start -0.525 -0.27) (end 0.525 -0.27) (layer F.Fab) (width 0.1))
    (fp_line (start 0.525 -0.27) (end 0.525 0.27) (layer F.Fab) (width 0.1))
    (fp_line (start 0.525 0.27) (end -0.525 0.27) (layer F.Fab) (width 0.1))
    (fp_line (start -0.153641 -0.38) (end 0.153641 -0.38) (layer F.SilkS) (width 0.12))
    (fp_line (start -0.153641 0.38) (end 0.153641 0.38) (layer F.SilkS) (width 0.12))
    (fp_line (start -0.93 0.47) (end -0.93 -0.47) (layer F.CrtYd) (width 0.05))
    (fp_line (start -0.93 -0.47) (end 0.93 -0.47) (layer F.CrtYd) (width 0.05))
    (fp_line (start 0.93 -0.47) (end 0.93 0.47) (layer F.CrtYd) (width 0.05))
    (fp_line (start 0.93 0.47) (end -0.93 0.47) (layer F.CrtYd) (width 0.05))
    (pad 2 smd roundrect (at 0.51 0 180) (size 0.54 0.64) (layers F.Cu F.Paste F.Mask) (roundrect_rratio 0.25)
      (net 1 GND))
    (pad 1 smd roundrect (at -0.51 0 180) (size 0.54 0.64) (layers F.Cu F.Paste F.Mask) (roundrect_rratio 0.25)
      (net 16 "Net-(J3-PadS1)"))
    (model ${KISYS3DMOD}/Resistor_SMD.3dshapes/R_0402_1005Metric.wrl
      (at (xyz 0 0 0))
      (scale (xyz 1 1 1))
      (rotate (xyz 0 0 0))
    )
  )

  (gr_line (start 105.918 82.423) (end 105.918 96.012) (layer Edge.Cuts) (width 0.05) (tstamp 6158A079))
  (gr_line (start 111.379 80.645) (end 107.696 80.645) (layer Edge.Cuts) (width 0.05) (tstamp 6158A078))
  (gr_line (start 111.379 82.931) (end 111.379 80.645) (layer Edge.Cuts) (width 0.05))
  (gr_line (start 113.792 82.931) (end 111.379 82.931) (layer Edge.Cuts) (width 0.05))
  (gr_line (start 113.792 80.645) (end 113.792 82.931) (layer Edge.Cuts) (width 0.05))
  (gr_line (start 131.572 80.645) (end 113.792 80.645) (layer Edge.Cuts) (width 0.05))
  (gr_line (start 131.572 82.931) (end 131.572 80.645) (layer Edge.Cuts) (width 0.05))
  (gr_line (start 133.985 82.931) (end 131.572 82.931) (layer Edge.Cuts) (width 0.05))
  (gr_line (start 133.985 80.645) (end 133.985 82.931) (layer Edge.Cuts) (width 0.05))
  (gr_line (start 137.795 80.645) (end 133.985 80.645) (layer Edge.Cuts) (width 0.05))
  (gr_line (start 139.573 96.012) (end 139.573 82.423) (layer Edge.Cuts) (width 0.05) (tstamp 6158A077))
  (gr_line (start 124.079 97.79) (end 137.795 97.79) (layer Edge.Cuts) (width 0.05) (tstamp 6158A076))
  (gr_line (start 124.079 95.504) (end 124.079 97.79) (layer Edge.Cuts) (width 0.05))
  (gr_line (start 121.666 95.504) (end 124.079 95.504) (layer Edge.Cuts) (width 0.05))
  (gr_line (start 121.666 97.79) (end 121.666 95.504) (layer Edge.Cuts) (width 0.05))
  (gr_line (start 107.696 97.79) (end 121.666 97.79) (layer Edge.Cuts) (width 0.05))
  (gr_arc (start 107.696 96.012) (end 105.918 96.012) (angle -90) (layer Edge.Cuts) (width 0.15) (tstamp 6158A069))
  (gr_arc (start 107.696 82.423) (end 107.696 80.645) (angle -90) (layer Edge.Cuts) (width 0.15) (tstamp 6158A069))
  (gr_arc (start 137.795 82.423) (end 139.573 82.423) (angle -90) (layer Edge.Cuts) (width 0.15) (tstamp 6158A069))
  (gr_arc (start 137.795 96.012) (end 137.795 97.79) (angle -90) (layer Edge.Cuts) (width 0.15) (tstamp 6158A064))
  (gr_line (start 124.079 97.79) (end 137.795 97.79) (layer Margin) (width 0.15) (tstamp 6158A006))
  (gr_arc (start 137.795 82.423) (end 139.573 82.423) (angle -90) (layer Margin) (width 0.15) (tstamp 61589FDF))
  (gr_arc (start 137.795 96.012) (end 137.795 97.79) (angle -90) (layer Margin) (width 0.15) (tstamp 61589FDF))
  (gr_arc (start 107.696 96.012) (end 105.918 96.012) (angle -90) (layer Margin) (width 0.15) (tstamp 61589FDF))
  (gr_arc (start 107.696 82.423) (end 107.696 80.645) (angle -90) (layer Margin) (width 0.15))
  (gr_line (start 121.666 95.504) (end 124.079 95.504) (layer Margin) (width 0.15) (tstamp 61589FC6))
  (gr_line (start 121.666 97.79) (end 121.666 95.504) (layer Margin) (width 0.15) (tstamp 61589FC5))
  (gr_line (start 124.079 95.504) (end 124.079 97.79) (layer Margin) (width 0.15) (tstamp 61589FC4))
  (gr_line (start 133.985 82.931) (end 131.572 82.931) (layer Margin) (width 0.15) (tstamp 61589FC6))
  (gr_line (start 133.985 80.645) (end 133.985 82.931) (layer Margin) (width 0.15) (tstamp 61589FC5))
  (gr_line (start 131.572 82.931) (end 131.572 80.645) (layer Margin) (width 0.15) (tstamp 61589FC4))
  (gr_line (start 111.379 82.931) (end 111.379 80.645) (layer Margin) (width 0.15))
  (gr_line (start 113.792 82.931) (end 111.379 82.931) (layer Margin) (width 0.15))
  (gr_line (start 113.792 80.645) (end 113.792 82.931) (layer Margin) (width 0.15))
  (gr_line (start 105.918 86.106) (end 105.918 82.423) (layer Margin) (width 0.15) (tstamp 61589FBF))
  (gr_line (start 111.379 80.645) (end 107.696 80.645) (layer Margin) (width 0.15))
  (gr_line (start 139.573 82.423) (end 139.573 82.931) (layer Margin) (width 0.15) (tstamp 61589FBE))
  (gr_line (start 133.985 80.645) (end 137.795 80.645) (layer Margin) (width 0.15))
  (gr_line (start 128.397 80.645) (end 131.572 80.645) (layer Margin) (width 0.15))
  (gr_line (start 113.792 80.645) (end 128.397 80.645) (layer Margin) (width 0.15))
  (gr_line (start 139.573 96.012) (end 139.573 82.931) (layer Margin) (width 0.15))
  (gr_line (start 107.696 97.79) (end 121.666 97.79) (layer Margin) (width 0.15))
  (gr_line (start 105.918 86.106) (end 105.918 96.012) (layer Margin) (width 0.15))

  (segment (start 131.70839 87.23329) (end 131.70839 85.98839) (width 0.25) (layer F.Cu) (net 1))
  (segment (start 131.84642 87.37132) (end 131.70839 87.23329) (width 0.25) (layer F.Cu) (net 1))
  (segment (start 132.67642 87.37132) (end 131.84642 87.37132) (width 0.25) (layer F.Cu) (net 1))
  (segment (start 113.099361 94.104361) (end 114.043361 94.104361) (width 0.4) (layer F.Cu) (net 1))
  (segment (start 112.76632 93.77132) (end 113.099361 94.104361) (width 0.4) (layer F.Cu) (net 1))
  (segment (start 114.043361 94.104361) (end 114.3 94.361) (width 0.4) (layer F.Cu) (net 1))
  (via (at 129.032 88.646) (size 0.8) (drill 0.4) (layers F.Cu B.Cu) (net 1))
  (via (at 130.048 91.313) (size 0.8) (drill 0.4) (layers F.Cu B.Cu) (net 1))
  (segment (start 122.90394 89.72292) (end 122.93954 89.75852) (width 0.4) (layer F.Cu) (net 2))
  (segment (start 120.76702 89.72292) (end 122.90394 89.72292) (width 0.4) (layer F.Cu) (net 2))
  (segment (start 112.76632 88.17132) (end 114.18794 88.17132) (width 0.4) (layer F.Cu) (net 2))
  (segment (start 114.18794 88.17132) (end 114.18794 88.17132) (width 0.4) (layer F.Cu) (net 2) (tstamp 61589EF2))
  (via (at 114.18794 88.17132) (size 0.8) (drill 0.4) (layers F.Cu B.Cu) (net 2))
  (segment (start 112.76632 92.97132) (end 113.83742 92.97132) (width 0.4) (layer F.Cu) (net 2))
  (segment (start 113.83742 92.97132) (end 114.17046 93.30436) (width 0.4) (layer F.Cu) (net 2))
  (segment (start 114.17046 93.30436) (end 114.17046 93.30436) (width 0.4) (layer F.Cu) (net 2) (tstamp 61589F1F))
  (via (at 114.17046 93.30436) (size 0.8) (drill 0.4) (layers F.Cu B.Cu) (net 2))
  (segment (start 120.76702 89.72292) (end 120.76702 88.97638) (width 0.4) (layer F.Cu) (net 2))
  (segment (start 120.76702 88.97638) (end 120.13438 88.34374) (width 0.4) (layer F.Cu) (net 2))
  (segment (start 120.13438 88.34374) (end 120.13438 88.34374) (width 0.4) (layer F.Cu) (net 2) (tstamp 61589F2D))
  (via (at 120.13438 88.34374) (size 0.8) (drill 0.4) (layers F.Cu B.Cu) (net 2))
  (segment (start 119.96196 88.17132) (end 120.13438 88.34374) (width 0.4) (layer B.Cu) (net 2))
  (segment (start 114.18794 88.17132) (end 119.96196 88.17132) (width 0.4) (layer B.Cu) (net 2))
  (segment (start 114.17046 88.1888) (end 114.18794 88.17132) (width 0.4) (layer B.Cu) (net 2))
  (segment (start 114.17046 93.30436) (end 114.17046 88.1888) (width 0.4) (layer B.Cu) (net 2))
  (segment (start 112.76632 90.32132) (end 113.86712 90.32132) (width 0.25) (layer F.Cu) (net 4))
  (segment (start 113.86712 90.32132) (end 114.1476 90.6018) (width 0.25) (layer F.Cu) (net 4))
  (segment (start 114.1476 90.6018) (end 114.1476 91.1352) (width 0.25) (layer F.Cu) (net 4))
  (segment (start 113.96148 91.32132) (end 112.76632 91.32132) (width 0.25) (layer F.Cu) (net 4))
  (segment (start 114.1476 91.1352) (end 113.96148 91.32132) (width 0.25) (layer F.Cu) (net 4))
  (segment (start 112.76632 89.82132) (end 111.70228 89.82132) (width 0.25) (layer F.Cu) (net 3))
  (segment (start 111.70228 89.82132) (end 111.506 90.0176) (width 0.25) (layer F.Cu) (net 3))
  (segment (start 111.506 90.0176) (end 111.506 90.5764) (width 0.25) (layer F.Cu) (net 3))
  (segment (start 111.75092 90.82132) (end 112.76632 90.82132) (width 0.25) (layer F.Cu) (net 3))
  (segment (start 111.506 90.5764) (end 111.75092 90.82132) (width 0.25) (layer F.Cu) (net 3))
  (segment (start 118.46862 89.82132) (end 118.56702 89.72292) (width 0.25) (layer F.Cu) (net 3))
  (segment (start 112.76632 89.82132) (end 118.46862 89.82132) (width 0.25) (layer F.Cu) (net 3))
  (segment (start 119.51702 89.72292) (end 119.634 89.8399) (width 0.25) (layer F.Cu) (net 3))
  (segment (start 118.56702 89.72292) (end 119.51702 89.72292) (width 0.25) (layer F.Cu) (net 3))
  (segment (start 119.634 89.8399) (end 119.634 92.2274) (width 0.25) (layer F.Cu) (net 3))
  (segment (start 119.634 92.2274) (end 120.1166 92.71) (width 0.25) (layer F.Cu) (net 3))
  (segment (start 120.1166 92.71) (end 126.619 92.71) (width 0.25) (layer F.Cu) (net 3))
  (segment (start 126.619 92.71) (end 129.00768 90.32132) (width 0.25) (layer F.Cu) (net 3))
  (segment (start 131.84642 91.32132) (end 131.39312 90.86802) (width 0.25) (layer F.Cu) (net 3))
  (segment (start 132.67642 91.32132) (end 131.84642 91.32132) (width 0.25) (layer F.Cu) (net 3))
  (segment (start 131.39312 90.86802) (end 131.39312 90.32132) (width 0.25) (layer F.Cu) (net 3))
  (segment (start 131.39312 90.32132) (end 132.67642 90.32132) (width 0.25) (layer F.Cu) (net 3))
  (segment (start 129.00768 90.32132) (end 131.39312 90.32132) (width 0.25) (layer F.Cu) (net 3))
  (segment (start 118.26542 91.32132) (end 118.56702 91.62292) (width 0.25) (layer F.Cu) (net 4))
  (segment (start 113.96148 91.32132) (end 118.26542 91.32132) (width 0.25) (layer F.Cu) (net 4))
  (segment (start 132.67642 90.82132) (end 133.66388 90.82132) (width 0.25) (layer F.Cu) (net 4))
